612866059
40102277
286430462
62776344
362771988
515188392
48441076
447606676
644773374
37467510
796290896
97981484
70508426
743539071
718193484
188557314
574384952
928015920
49965076
367002637
357917600
765309854
563701194
861880791
638706823
964702644
431500381
556058366
447520903
20098852
691331663
138916104
447654530
140096250
747427324
544698454
184671348
323239280
737115419
884361488
679836606
370796239
778481592
862231112
965114948
681317963
468117735
916365657
409071078
842143845
607214479
933271235
783322989
650875473
465532658
341987468
150645108
43941480
316980753
315695055
896943602
518161786
261111933
323689407
551804806
25323186
732478479
83655152
374208589
124961677
112019956
206537124
974350068
576674690
620845424
740013930
779732251
35417226
326070730
131570772
687653846
905255222
256697216
39518580
906741047
320018563
586314345
853193803
982576559
914542282
447282051
86109049
363565121
8974652
411660773
973308663
599184588
803813077
612807794
696064054